540080807353835407
540640995647000613
540461706530757222
540236096192461672
540596907800995179
540220462507121453
540480535661197574
540200619764315309
540208823151920228
540154195459389761
539714412278683513
668108735908937761
669686870087565347
668503297357774851
668296095258902566
668502356778811441
668942552257265687
669310021071274002
668272146512871464
668537352159756324
668220357803507721
668844455219953667
668491507691421712
668505779866697730
668272567428055046
668578068456013825
668847367192051720
671203654982697028
670708724426342424
671183193745915912
671496352702660630
670036446067818537
670446722816671761
670410907090681874
671091277155008551
670056580887085113
667520419870277657
668919179058872345
669243075420225577
668958052800528417
669575630446133270
669365529241190401
669661929220866064
668964448004735110
669975070985158728
669642868156006449
671134553241288728
669993925891588113
669969238425862147
671195829537603608
671178271713394697
671091328696713303
671559179518869508
671574972115714057
669616162051457027
671160052470513686
666728548164173824
670030239849512969
669648537521225765
669250935208280064
669722767434711174
670095368733589525
669596448145276930
669252691843612695
670088178963578883
669958032862478354
670867998980964356
671600230822576151
671181699110928388
669606614346498056
669665854816780293
669684494972747831
669610325197193233
669650998520709126
669646660614225943
669610539944509457
669612219277770758
669653523969867816
669987827050610720
669994333915578418
669987582226989075
669962894766506016
669985473409581095
669986624459767831
669955958395371524
669596276342390805
669597238412967993
669615290177290243
669597745219108886
669699342678884356
669597530488569859
669641871721496611
670399014337773590
671151050225352726
671080668597321729
670051482744127495
663316059215888433
665992257623556118
663406326532014137
664985886659706947
663655902791860259
663350187019730965
664100754020106240
669348800330989576
664468643743006721
663362900128170087
664414763388764196
669741068279873544
669714881868464264
669741364643102721
664041041087692835
663677648201842695
666007259952709669
670067696256155688
664454320022880258
666089457024237601
666684490389651461
670837045153759232
670001708380717065
670063366927024153
667401088507314183
668950665465167913
667566367435653121
670034667949260822
668484047322742789
670414403202449449
668680018090524713
668915081655877636
670051298064728102
667565748957216806
667411834502905877
667640928072105991
667487370096934915
668482410940203044
667430762419585072
669325126475448369
670085666397224976
667863626405642280
667411675584921682
669238990908424247
671438800148234245
666727976920940545
669259267450077188
669657217644888066
668144835100672002
668464608294469636
668874940884189236
671167315249725440
669604526972469252
670079361376845862
669988295187365912
671200347847393477
670320828741582872
661088272562258005
665207189150892066
666713850779795490
664132553960063001
661520118623240209
663712802517549058
666627500458115076
663677119922962435
668932596537753607
665637583512928309
661521115057750020
661521445772328979
668915343635251225
663680298194567171
663715624318402598
661129272302239745
669325856621985849
669968396603883555
664544690438144039
664186271127568391
662240191373639760
666260903542390789
666260323701882880
664010486688251908
664425814322839576
667002824769404928
667000836211081255
665239105041334272
664138682880491524
664138820323639301
670067460041343059
669298806919004185
665671934669750323
667070715311161369
668552023779573782
670399598443888705
670160428888752161
668575603134300178
668871045353046020
671570810292404242
671161577190195217
670074924692406294
669671167703908368
669997795670753314
669708628393984039
669706175983386676
670434280298512393
671168470607462400
671084907730042886
666759514878378021
670072665542754361
670072313352290313
669671343797567510
670363696812261383
671511784513863704
665971710506303509
665981043471286313
670039564223512595
670510073600016438
667389517867515908
666262411064377351
666345475733979161
665977113568870435
669215514618232833
670060678281691158
669372731890860099
669580689908170768
670363877192499206
670516004945657895
671175351141924904
669367272989524002
671539237992005654
668920334406123543
668967566146797590
668922275718758441
668935800572870689
668969554720849958
669326560986136599
670334705774624857
670911962266206211
670043726035288066
671089692312076305
670681021883088899
670059080558051330
664884190429315156
667784534584983569
667707152161308674
665259823963570183
667047638468657203
670484385399570505
666019844207935491
666993826820259843
668473752286134278
668577454283030528
668537042917916678
665158995305037841
669590692887003156
665169444966760500
669326024130953264
669590972072460313
669701228181061650
665159429105123329
666326041013256197
670066764246155305
671153850525155351
670063036212445186
671210793220440065
671066752885456915
671144264168636453
670347126836822087
670071694879096841
671203805296066598
671093308683976710
671201593399443458
671260309885812785
670415756120293432
671192599724294201
671206897685102629
668514146464038948
669357570660499456
668871586510536706
668955772176039961
668580069906579475
669426444745572376
670333554727583762
670367222980411393
670159733117681673
670784758229237762
671081609179430916
671188017003626502
671566773033631827
668856420985208856
671084950672375814
671095950077329478
671183077791236136
671086969294422053
671238027589189638
671076210414977025
670544527811936355
671507712882769940
670513724310683673
671173646046199814
671288931549970436
668655416511561780
668965100851298425
669338251891310600
668910043653996548
668894577468375075
669563312484122625
668905757288169479
669314182896680985
668954775732092980
668902544649486336
669312125615734785
669590701472743441
669259933164765205
668991313036705896
670026168219467784
668920836917297201
668918290001690633
668905173152694277
668908828180348968
670056709719326743
671081394435260416
670049184942915624
670071076387028998
671172937373450260
669954287644704788
668855811107192897
668947912380645409
669346468163747860
669688669695639553
668961905392484417
670509463710466148
669725387365810194
669592801725382673
669602027321425968
669248594449006628
670477036702138418
669357059566731287
671519124608778274
670460599853907989
671231258733314067
670049412569890857
670016629095006212
671255387866923058
671073659194966033
671558578231836692
670092628539211793
671475294467522569
670119274516316179
670051293778149377
671193205327265825
671438117244239904
671204200433057849
671080750183874564
671213331537723401
671287312338911233
671131954801803297
671561335610277888
671531614420860937
670090167531339826
670831616312999955
671544825742360631
671228574386094082
669592333560315987
669716161780252679
669823840895893512
669663260660727814
669658433124827159
669716754487836709
671181785005031491
669961936970973189
670051057550753809
669963397272436761
671171331060924435
671070025666265143
671506042152026147
671192689932238872
661579144358789177
667497665135640614
669585478811385865
669216639896518674
669337586182914089
663016549670453264
668548098181562370
667081233702846470
666239016371224579
669212722889490432
661907266973204516
667880810576085008
668170712276533254
664132768719962147
664132622692122693
669592174665400340
661906193245011970
661816097708703766
668954384892166176
666239669224079368
671080586986651681
670534855543488532
671566330641514501
670347045221957636
668929461192753205
669021880307417158
668943802096943120
668934898639175737
668959556042227719
669019702768435200
668981065241591844
668940842868670472
668934688184729636
668946301767909426
668936358914424840
668945988231102504
671164227183968290
671613674072309780
671572438099689488
671553935374286888
661417765265997829
671928108668944384
666755026641748016
670114245119049784
670439056308437040
671186011244462089
671097358833942536
671958993815470112
670366329625116692
671468388164304904
670331776611123203
671934241882243073
671181621800468533
670361734012207106
671134536065613847
670807693353549841
671181510125027344
671819750908624914
671561803750178851
671179311104917529
671828924959817761
671819016468168727
671092539885879297
671077468828860419
668502751914754050
670834824655667235
670752782204010516
671587977285074976
671509941981282311
671924019877904404
671159567144452115
671507090122997778
671556503773118503
669726714507558930
671092711682474019
669241529229901833
672195955737493505
671928868877107209
671947852661915672
672005731649585159
671855656836268053
669371988869906432
671085526204284935
670732355328016389
669676403252264998
671939632102899720
671561979855372288
671842647372988454
671102749004267528
671920880237936672
672201788308324372
671851546545225783
668951047706771465
669425933661241352
671174681129123910
671564647032160279
671878690736439305
671886262753296424
672001775980511234
671921713463689236
671946233459245061
671932725777661955
671936260532600838
671937213996466201
671977797168660486
671927808026476581
671929951206768689
672183672138367017
672183487447433216
671887040142376967
671879622744342596
671875173158223913
671838622988632083
671896626528256001
672190883386359811
672279355430273076
672205202818859013
672283195126841350
672298871746985993
671834254994309128
672274914419408968
672305705044148305
672270486318612548
672257953606139912
672317486147829766
672193164024479747
672275824947232790
672250768110125096
672220823598137345
672253010096685107
672282641060331585
672239635552796705
672309875465781267
672304365023789096
670091232686374918
672257021599285318
672041568848314374
672563862650748936
672220827906736166
672314067341279250
672262063887745044
668827442854494212
669317674705092642
670420875701387282
672379973624922162
672263554243493904
672576176312549417
672208862128898048
671927129425838083
671842303765118978
671935878283657224
668856412405760000
670836229117313041
671842393976209412
672191673662439476
671578158999273528
671588905007448132
671901647346073625
672321394567020567
671206635686854680
635932563238551585
672000783851454565
666391706770341926
669239308731809792
671164575062687744
666456500646969433
667560294348750850
666716371938181145
667085511477690386
666418357027733510
666405317507022949
668207795024166936
668129776941137926
666674212537106480
668116956459565081
666620297813688325
666619898370195476
666688708039147538
666629330118377473
670340993613037586
671473499191115777
666610818811428882
666625803954421765
672241972022345762
671558956180570197
671814274825322514
671583248523984953
671555034889060404
671922963314901026
672187116707381248
672273286639386625
671573614903951377
671846663171604496
671857267429081170
672273849278005250
671830831905374246
671834847710281751
672343161463373842
671939030799089669
671823337195831349
672201006616936469
671854157889536068
671843368927494164
672325698126348289
672277869367394306
671094481196417045
671883694381727762
671915442767396882
671981576749318167
671960484170170455
671928529592516613
671573795312500742
671570737286348800
671909773424197685
672228674810937398
671910357524021271
672253263484026928
672249513994354704
666991808190873608
667003103948570649
668576788561002504
667001325839450161
667001635067658309
671448158870437890
671854789251825699
671477656705826839
671540805667651592
672005791781224449
669714491024343056
671838056046657538
671895054553448496
671830256386048008
672063009319813138
671517660033318929
672268106893099041
672023843529818233
671819957066006532
672037316842225721
672269644507119636
671896033816477718
671938833241079814
671910263048372224
671849738355605573
671555777913159715
671838111887523913
671842123392221186
671814768733978680
672241710027243537
671932455172702229
671853243048919063
671187707756544020
671505067189207056
671455584880427010
671942638578958342
672321304371658793
672024835655729273
669252537235275795
671933382907658257
669989587972521993
671522904190484488
669985597956292631
671939825360699401
670083858211799091
672570043107639336
672263867763523592
671986898216943636
671458698727522312
671928967679180840
671559639094001701
671837291536187442
671881448101249046
671981684128743431
671839954415910917
671563100832399382
671897090367946770
671906273012219938
671529956560338961
672201367401529368
671848424101904464
671512845377077265
671505144492326953
671818857538650132
671454446715142147
671479580849078273
672313599199281217
671568332106760210
671941410223554593
671576179009912848
671813128069054505
671530390350987270
671442815937413128
671437936848273426
672653730546450439
672565121059389460
672572976559816711
672673775156723729
672565868402573332
672658493667278899
672957363252101144
672565975774658581
672737916183642129
672659709129392150
672956083358138391
672719808610959364
672653855095259202
672664214562668601
672683378703597592
672669196726829161
672581179956789312
672676944846782518
672713568031866898
672365490994151576
672683829660483584
672684095968378885
672661491553402880
672674427992801365
672698600055111735
672661491540819971
666330250084352019
664084965716131891
664536418331131944
668096409344409605
668956317631643667
665938085208391685
670756785111433218
669597569145372689
664135075116351542
669233875608666114
670103726736801792
667126030194966565
671116806442713089
666702254374387761
668545546959454264
666731765086289987
666732297675866144
665937329282613265
669577747863961624
664138150296158217
666332659551567877
662288733102407733
665893924350459920
664802775014572217
666245209725599752
664054467163848712
664103850704109586
664754040029052936
666317356592529479
663360263018250243
664877370002374656
666642051813605411
665134346499260417
665619252592508961
665635599250620434
664089342301438007
664446206844338197
663763693592379396
666247438817820722
670125300366966857
663283533425410057
663408856261459972
664814229692350470
664048621709164569
664094487677501464
666764930837381123
669595069471260681
669676725381103673
663657521989287972
664780703179735122
666980808774385671
664026575648325705
664884495363604520
664050082004336675
667076320249774128
667092190149738512
664148939270783000
665952237124583444
664411941584764982
667080683936546836
664050932403666960
669608542785765384
665990423678812164
665993709330890761
666640157737222162
666684202618454073
666259602153668615
665998974950309936
666240919041736710
666261229953613849
666004343651041320
666000130296512566
666005614961360913
666313757408886870
666628449652178995
666283031210754068
666773031134167061
666741991418101761
666682029373390850
666005730943303715
666258133286387728
668476178954190853
666381690905559061
666618841815580697
667706550873227272
666638882139275301
668334676955365414
667766538680401939
666650143527796808
666647317443510308
670929614597521411
669602413865336836
666620787422134304
672193756719480868
666407160047993012
671435823737995264
667011706769113107
671200554010017872
671446780198518800
670370508622004306
671159923615203353
670448659846922278
667365904137322577
663754407870988290
664119278226636800
664038730406821908
664038949438619654
664763467471781893
663774766010728485
664034302288199731
663768817478926370
664468025279250433
664029341607264324
664520471104978983
666373148208267320
660771282485248039
664424345458704384
671133350656737312
670474219203592213
666385401753108484
667161549592330263
669601967184543769
668568091252228101
667051808867221526
669716277726543875
668971010714763321
669675879268352001
668970198961750053
668595312757047301
668973003583782946
661535829613608962
664409682436161589
667534571798003793
666331641633832984
663715525520523299
667349355623088131
670030347222646785
664819735838326793
667057864785788950
668994757584748649
670092950655467552
667019283081986072
672019806260559889
672299404332367929
670374739168985138
669732843423793171
667015902952161335
671619180230869014
666675745825751089
668927373857521667
670095841174749189
671939413055373317
663392071547093042
668575285308817424
669370816327057409
671953453311852577
671473958732693587
661498008147329073
663682986841997330
669330744292671497
667042871040278567
664841988078567459
665894074680606742
662624655373238278
670453955545792595
663787010966683653
670391996354920517
666706734021083173
667358465239285808
671838434005876776
662295046704332822
666016064616792068
666019732523057170
673101240352112661
673023346844106809
672968886642016371
672994901275705367
673006952946597972
672954872177360914
673489483922931779
673310886312542240
673466952527642663
673309507628040228
673284777207398407
673351357787275330
673338421331099700
673430939233157123
673295428713709568
673298177496973381
673342351231418407
673315275771215879
673658520966529047
666365507468787778
666636365274808340
666368728678531097
666369664983498758
667020945236426789
666367457368211480
666369536138674195
666367934111678483
666660679082573831
673133246468325378
673754805565390853
673781795130441745
672583370386964485
672677644917014553
672569248540786696
672705579391647767
671600402614976536
672695524856430598
672937559165239336
672963247355199489
673753529950666770
673651442862522393
673791265544863783
673724023528489027
673788632712085526
672323241406103554
673821609491955731
673459586673410105
672960979614564374
673553135356084224
673345495156916245
672295414307749922
672587931648524305
673477505276968968
672286201607094291
672563750981599236
672730713523486721
672286231658233862
672560963546775625
672940011574788114
673026662555713575
673822245151309828
672630911368429574
673049765184798740
673046183177879586
672201573557862418
673069187029008401
673182106013138997
673319622268682246
673154944623181841
673154755663495223
673071093994487843
673375143313014784
672337943078109234
673355596910559254
673031464315519009
672611352089460786
673499869163290644
673718375653834756
673148540834283698
673139817748365315
672945358816411701
672571975834533889
673331978899030037
673043301263212564
672614221125517328
672681785256050690
673109224705753137
672581214311284784
673756480593199238
672617489602969632
672971626844782609
673430776028594196
673782284770344966
673329913012420611
672277714752765992
672579590815744009
672271487030263810
672231535253913667
672966442820304913
672638285836714039
672646923013849128
672191287117479970
672321304373755988
672570000161112099
672586600198176785
672673989905088563
672300929031077897
672220660392525858
673415241133981705
673761445586927634
672693059565125664
672274098381914146
673373803287412761
672593231639216160
672585174276374544
672950637331218514
672274016780681219
673122277113462854
672894545070915623
673407566028472323
673695281613635616
673540946224218145
672672396457541657
672997714478235657
673469654071509062
672216597348220937
672666048512655401
671092436798275632
672279587338584066
672584577261240342
673092422789496888
673795865460080649
672262798318764064
673683736703795200
672648310297722951
672295276859359265
672584577272774660
672626247051771937
672628656529473538
672265933652230163
673792343563829286
673705155743449125
673438421064089600
672965635349676068
668906324222804000
672229280386646083
672283684753113091
673384828468461576
672288821537144902
672646463459688498
673086671834578977
673778045633429556
673299221176123416
672682360798445587
673741615721873416
672552339254542357
672622304272842754
673265595881357312
673160455085096964
673820020369784865
672194186214113329
673766857227894824
672651312480911393
673340461440565286
673557301472264195
672984692134248503
672685461755396100
672943950078672916
673484072277770336
673349382106513521
672593888750338081
672308251966046329
673002627920822290
673135359579652112
673425351474413569
672580497051746338
673781357055311890
673265647425159184
673775305434857480
672772464905814040
672172758636953635
673754376062369863
673340092084912178
673757391138848816
672639406830518280
673705228751601720
672989416599322662
673390334608146465
673335483573469187
673434843358429219
672248882633113618
673161988384227366
672201912872861713
673022470663438338
673366076625518600
673434280721907761
673788465226186761
673760994612215811
673686068880474134
673748801200062488
673777843774160898
673774832997892131
673698743339450385
673771135013224465
673675365815681059
673812929371439136
669216369305190402
669692805740757016
669727371635458049
669351991502176280
669974272121241606
671442588305195078
670075650525102099
671143040112394240
669784430278082579
669703435776425988
671160052470513686
672174476620726272
666762779053522977
668593092245323828
666835510019227671
667466801507991576
668562812738469905
669598904868667400
668892305439064066
668945945281429553
671449790955913220
668860582802227222
673664143079768117
670880724983742472
669310953081274391
669368389684166661
667050352879599624
665920080693952647
671952353798127682
669333467310325768
666472808629403656
670048514921725952
667476276201652265
671194339198631937
669596276342390805
670399014337773590
669597238412967993
671151050225352726
669615290177290243
671080668597321729
669597745219108886
669699342678884356
669597530488569859
669641871721496611
670051482744127495
672347769944408097
674199437789102086
674198063431024713
674048851927105589
674117773256818724
674076258105032809
674063755459428360
674182640202416230
674045811092357158
674107495400079360
674057961557983237
674109088857063428
674176000158859337
674048426730586166
674057119746490377
674143908173709317
674076262428311568
674075360479936569
674154177439465510
674128227241820214
674128205769080841
674121539979837495
674108410234404882
674149968368369703
674199231648497696
674127733326872610
674111932128559159
674160400837640198
674176859157561348
674458471592099890
674470596283727956
674144548104962068
674158201809141779
674470102350954517
671182768558833671
672678667127619640
673385799115341862
674082717757866023
673667716475781159
673690179194585137
673535594706501655
667107420105867280
669372040392736784
674110355873464321
674138913126744105
674163927011033143
674058133353529345
674038642796134421
674142142940053523
674412128896024585
674068170709925913
674074003257688082
674415771014660104
674411531897667609
674413262733836294
674125980963438593
672372779538972678
673880046829568055
674560605666934869
673741207699980288
674249585862901809
673744948597620744
674195086985134144
674444079159836678
674062694618234886
674065675316101138
673766363312947203
674051948604817409
674548580021698582
667520419870277657
671178271713394697
671134553241288728
669243075420225577
671195829537603608
668919179058872345
669975070985158728
669993925891588113
668958052800528417
671574972115714057
671091328696713303
669575630446133270
671559179518869508
669365529241190401
669969238425862147
669661929220866064
668964448004735110
669642868156006449
674198522961068069
673738587757346836
674061887154946084
669686307463626837
673701917341253655
673791394380251193
674206309765087236
674060787637026835
674059348847099907
671114242338848772
674093828826726401
674432126012096533
674158283429249080
674118958707638360
674413760985694273
674066126281375762
669691323968651288
674069867222007840
673668545407614996
673918156063899655
674455224347263010
673711460757536832
674545208472371240
674564080293380101
674524231586807828
674068935196278802
674082971147304996
674130963128647716
674154551101620233
674137388411256899
674136409157664790
674134489305186321
674437812798357525
674439882985177107
674520112978460693
673802526952259592
674069983157813303
674576643336962104
673882606623785029
674287360095027203
673954787842064416
674207155878887430
672773392613507111
674113714548375585
674072671813632005
674064313798885396
674563710932484098
673679875526098947
674032062899945512
674549266955370517
674053713827987526
674356865520369666
674060937967173683
674171159727570965
673667102300700681
673848045017759760
674085552436281384
674248439105585191
674051484737863714
673750111167184901
673747809067860052
674163441668194336
674007396909056006
673662553939771410
674516328850128930
674107624257486888
674571390331912249
671834306536013845
674033252601692199
674413563417198596
673790028585893892
674143354107199492
673753658799685648
674569629390078021
666728548164173824
670030239849512969
671600230822576151
670088178963578883
669648537521225765
670095368733589525
669958032862478354
669250935208280064
669722767434711174
670867998980964356
671181699110928388
669596448145276930
669252691843612695
674064885051555849
674472692226719747
674416612845027347
674499157569830913
673734833971658774
673749548525420550
674433337445580822
674467426350399505
673701358993408017
674162982118228001
672685534777180168
673846155238440977
674071366160351297
674271644809691140
673737947803025462
673799490391506985
673749823403327504
674051824036085832
674077615318892616
674499471116075043
674475445303902232
674465395081478163
674079204480909330
674555181126385668
674470037928542225
674276407931568130
673754947301408806
673819371816091668
674167354386546745
673900516637409284
673671573354315782
674548339237191713
673666887550238737
674166598482788369
673696471321673765
672371585557987336
674135872279412739
673719737147981830
674090852410196033
673698751937773590
674070872241209367
673677100997148680
673702338227077155
674574444059951140
674143096419647509
674082369865515074
673744398860681254
